1094744312
1094579176
1094573080
1094401728
1092850288
1094743696
1094400016
1092848576
1092765216
1094743944
1094576496
1093627712
1094491912
1092767296
1094747240
1094750896
1094575032
1094492768
1091125112
1093628080
1094745160
1094574912
1094402576
1092769248
1091132312
1094402824
1092851384
1094748576
1094487648
1092764000
1094748824
1094577592
1094490208
1094059144
1092849920
1093800408
1094231232
1094747728
1094315192
1093885720
1094575760
1094492400
1094315440
1091125840
1094405144
1094401360
1093628568
1092762536
1094751384
1094403920
1093714488
1092852480
1094486184
1091130480
1094745648
1094491304
1094399896
1093973344
1091124744
1092847848
1092768512
1092850408
1094746264
1094486912
1094576616
1092767168
1094747112
1092853088
1094491552
1091131088
1094744184
1092764488
1091131336
1094748216
1094744432
1094401848
1093628200
1093626984
1092768760
1092852968
1092848696
1094747848
1093627832
1093713752
1092851504
1091126944
1094575152
1094403312
1094314464
1094231104
1091132184
1094488136
1092769368
1094578080
1094402944
1094400632
1092765832
1091128160
1092851752
1094405016
1092764120
1094748944
1094573688
1094573936
1092852600
1092763752
1091130600
1094745288
1094750408
1094230984
1094058416
1094401480
1093886696
1092766680
1092762656
1092762904
1091129016
1093714856
1094488864
1094486552
1093800776
1093627224
1092848336
1092769000
1091126088
1094578568
1094491424
1093713144
1091128648
1094578816
1092847968
1092764608
1094750656
1094577104
1094492528
1094316168
1094574424
1094402088
1091126816
1094402336
1092767536
1093713392
1092853456
1091128896
1094748088
1091131456
1094401968
1092768880
1093714240
1091127432
1094320688
1094747968
1094400504
1092765704
1094578200
1093799312
1092851624
1094747480
1094489352
1094485328
1092767784
1094750040
1094489600
1094230376
1092766072
1092762048
1092766320
1094314584
1092852240
1091129992
1094314832
1092763392
1091132552
1092769736
1091128280
1091132800
1092761928
1094399656
1094313120
1093973104
1094485576
1092768024
1094492160
1094401600
1093972736
1094486424
1094320320
1094576128
1094315680
1092762776
1091133408
1092854192
1092766808
1093972984
1092852728
1093627344
1094576376
1093713264
1092851016
1091126456
1094313608
1094577224
1094492648
1092850648
1091127304
1093627592
1092767656
1092765344
1092761560
1094747600
1094491792
1094402704
1094230248
1092853576
1092851264
1092767904
1091131576
1094744672
1092849552
1092764976
1094573448
1094492896
1094059024
1092852112
1092850896
1092849800
1091127552
1094314704
1094404408
1094489720
1094230496
1093885600
1092847720
1094575640
1092766192
1094403552
1093628448
1094403800
1093714368
1092852360
1094488376
1094486064
1094314952
1093800288
1091132672
1094745528
1094488624
1091132920
1094578328
1094399776
1094313240
1093799680
1092851992
1091128408
1092768144
1094750168
1092854064
1094490816
1094317880
1093972856
1094320440
1094576248
1094491184
1094744064
1094315808
1092768392
1092764368
1091131216
1091133528

