1089659832
1089659960
1089661176
1089746120
1089746728
1089746976
1089747344
1089747464
1089748440
1089748560
1089749048
1089749168
1089749656
1089750144
1089750272
1090004488
1090005344
1090005592
1090005712
1090005832
1090006080
1090006568
1090007176
1090007296
1090007416
1090007544
1090008152
1090008392
1090008520
1090009008
1090009856
1090177304
1090177552
1090178648
1090181208
1090181336
1090181456
1090181576
1090181696
1090181824
1090351832
1090351952
1090352200
1090354272
1090355488
1090355976
1090437264
1090437384
1090521840
1090522208
1090522328
1090522456
1090522816
1090522944
1090523184
1090523432
1090523672
1090523792
1090524280
1090524400
1090524528
1090524768
1090524888
1090607640
1090607888
1090608128
1090608248
1090608984
1090609104
1090609472
1090610080
1090610200
1090610328
1090610448
1090610568
1090693680
1090693808
1090693928
1090694168
1090694296
1090694416
1090694536
1090694656
1090694904
1090695024
1090695144
1090695264
1090695392
1090695512
1090695760
1090695880
1090696120
1090696368
1090696608
1090696736
1090696976
1090697712
1090698560
1090698808
1090698928
1090699048
1090779848
1090779968
1090780456
1090780696
1090780944
1090781064
1090781432
1090781552
1090781920
1090782408
1090782656
1090783016
1090784112
1090784360
1090784480
1090784600
1090784728
1090784848
1090785456
1090785704
1090785824
1090785944
1090786560
1090787288
1090787408
1090787528
1090787776
1090787896
1090866136
1090866376
1090866744
1090867472
1090867592
1090867720
1090952176
1090952536
1090952664
1090953024
1090953152
1090953512
1090954000
1090954128
1090954616
1090955104
1090955344
1090955472
1090955712
1090955832
1090956080
1090956200
1090956320
1090956688
1090957296
1090957416
1090957544
1090957664
1090958032
1090959496
1090959616
1090959736
1090959856
1090960840
1090960960
1090961080
1091040536
1091040776
1091040896
1091041024
1091041144
1091041264
1091041512
1091041872
1091042000
1091042120
1091042608
1091986568
1091986696
1091986936
1091987664
1091989376
1091990112
1091990232
1091991088
1091991208
1091991328
1091991448
1091991568
1091992056
1091992184
1091992912
1091993280
1091993400
1092333056
1092333792
1092417392
1092417512
1092417752
1092418000
1092419584
1092419704
1092419832
1092420072
1092420440
1092420560
1092420680
1092420808
1092420928
1092934128
1092934496
1092934744
1092935104
1092935232
1092935352
1092935472
1092935592
1092935720
1092935840
1092936080
1092936328
1092936568
1092936816
1092937304
1092938032
1092938280
1092938400
1093020536
1093021880
1093022128
1093022368
1093022488
1093022616
1093022736
1093023104
1093023224
1093023344
1093023592
1093283056
1093283176
1093283304
1093283424
1093283544
1093283664
1093283912
1093284032
1093368608
1093368736
1093369224

