1089659832
1089659960
1089661176
1089746120
1089746728
1089746976
1089747344
1089747464
1089748440
1089748560
1089749048
1089749168
1089749656
1089750144
1089750272
1090004488
1090005344
1090005592
1090005712
1090005832
1090006080
1090006568
1090007176
1090007296
1090007416
1090007544
1090008152
1090008392
1090008520
1090009008
1090009856
1090177304
1090177552
1090178648
1090181208
1090181336
1090181456
1090181576
1090181696
1090351832
1090351952
1090352200
1090354272
1090355976
1090437264
1090437384
1090521840
1090522208
1090522328
1090522456
1090522816
1090522944
1090523184
1090523432
1090523672
1090523792
1090524280
1090524400
1090524528
1090524768
1090524888
1090607640
1090607888
1090608128
1090608248
1090608984
1090609104
1090609472
1090610080
1090610200
1090610328
1090693680
1090693808
1090693928
1090694168
1090694296
1090694416
1090694536
1090694656
1090694904
1090695024
1090695144
1090695264
1090695392
1090695512
1090695760
1090695880
1090696120
1090696368
1090696608
1090696736
1090696976
1090779848
1090779968
1090780456
1090780696
1090780944
1090781064
1090781432
1090781552
1090781920
1090782408
1090782656
1090783016
1090866136
1090866376
1090866744
1090952176
1090952536
1090952664
1090953024
1090953152
1090953512
1090954000
1090954128
1090954616
1090955104
1090955344
1090955472
1090955712
1090955832
1090956080
1090956200
1090956320
1090956688
1090957296
1090957416
1090957544
1090957664
1091040536
1091040776
1091040896
1091041024
1091041144
1091041264
1091041512
1091041872
1091042000
1091042120
1091042608
1091124744
1091125112
1091125840
1091126088
1091126456
1091126816
1091126944
1091127304
1091127432
1091127552
1091128160
1091128280
1091128408
1091128648
1091128896
1091129016
1091129992
1091131088
1091131336
1091131456
1091131576
1091986568
1091986696
1091986936
1091987664
1091989376
1091990112
1091990232
1091991088
1091991208
1091991328
1091991448
1091991568
1092333056
1092333792
1092417392
1092417512
1092417752
1092418000
1092419584
1092419704
1092419832
1092420072
1092420440
1092420560
1092420680
1092420808
1092420928
1092761560
1092761928
1092762048
1092762536
1092762656
1092762776
1092762904
1092763392
1092763752
1092764000
1092764120
1092764368
1092764488
1092764608
1092764976
1092765216
1092765344
1092765704
1092765832
1092766072
1092766192
1092766320
1092766680
1092766808
1092767168
1092767904
1092768024
1092768144
1092768392
1092768512
1092768880
1092847720
1092847848
1092847968
1092848336
1092848576
1092848696
1092849552
1092849800
1092849920
1092850288
1092850408
1092850648
1092850896
1092851016
1092851264
1092851384
1092851624
1092851752
1092851992
1092852112
1092852240
1092852360
1092852480
1092852600
1092852728
1092852968
1092853088
1092854064
1092854192
1092934128
1092934496
1092934744
1092935104
1092935232
1092935352
1092935472
1092935592
1092935720
1092935840
1092936080
1092936328
1092936568
1092936816
1092938400
1093020536
1093021880
1093022128
1093022368
1093022488
1093022616
1093022736
1093023104
1093023224
1093023344
1093023592
1093283424
1093283544
1093283664
1093283912
1093284032
1093368608
1093368736
1093626984
1093627224
1093627344
1093627592
1093627712
1093627832
1093628080
1093628200
1093628448
1093628568
1093713144
1093713264
1093713392
1093799312
1093799680
1093800288
1093800408
1093800776
1093885600
1093885720
1093886696
1093972736
1093972856
1093972984
1094059024
1094059144
1094230248
1094230376
1094230496
1094230984
1094231104
1094231232
1094313120
1094313240
1094313608
1094314464
1094314584
1094314704
1094314832
1094315808
1094399656
1094399776
1094399896
1094400016
1094400504
1094400632
1094401360
1094401480
1094401600
1094401728
1094401848
1094401968
1094402088
1094402336
1094402576
1094402704
1094402824
1094402944
1094403312
1094403552
1094403800
1094403920
1094485328
1094485576
1094486064
1094486184
1094486424
1094486552
1094486912
1094487648
1094488136
1094488376
1094488624
1094488864
1094489352
1094489600
1094489720
1094490208
1094491184
1094492160
1094573080
1094573448
1094573688
1094573936
1094574424
1094574912
1094575032
1094575152
1094575640
1094575760
1094576128
1094576248
1094576376
1094576496
1094576616
1094577592
1094578080
1094578200
1094743696
1094743944
1094744064
1094744184
1094744312
1094744432
1094744672
1094745160
1094745288
1094745528
1094745648
1094746264
1094747112
1094747240
1094747480
1094747600
1094747728
1094747848
1094747968
1094748088
1094748216
1094748576
1094748824
1094748944
1094750168
1094750656
