1090355488
1090697712
1090698560
1090698808
1090698928
1090699048
1090784480
1090784600
1090787288
1090787408
1090787528
1090787776
1090787896
1090958032
1090959736
1090959856
1090960840
1090960960
1090961080
1091130480
1091130600
1091131216
1091132184
1091132312
1091132552
1091132672
1091132800
1091132920
1091133408
1091133528
1092767296
1092767536
1092767656
1092767784
1092768760
1092769000
1092769248
1092769368
1092769736
1092851504
1092853456
1092853576
1094320688
1094404408
1094490816
1094491304
1094491424
1094491552
1094491792
1094491912
1094492400
1094492528
1094492648
1094492768
1094492896
1094577104
1094577224
1094578328
1094578568
1094578816
1094579176
1094750040
1094750408
1094750896
1094751384
