1093626984
1093627224
1093627344
1093627592
1093627712
1093627832
1093628080
1093628200
1093628448
1093628568
1093713144
1093713264
1093713392
1093713752
1093714240
1093714368
1093714488
1093714856
1093799312
1093799680
1093800288
1093800408
1093800776
1093885600
1093885720
1093886696
1093972736
1093972856
1093972984
1093973104
1093973344
1094058416
1094059024
1094059144
1094230248
1094230376
1094230496
1094230984
1094231104
1094231232
1094313120
1094313240
1094313608
1094314464
1094314584
1094314704
1094314832
1094314952
1094315192
1094315440
1094315680
1094315808
1094316168
1094317880
1094320320
1094320440
1094320688
1094399656
1094399776
1094399896
1094400016
1094400504
1094400632
1094401360
1094401480
1094401600
1094401728
1094401848
1094401968
1094402088
1094402336
1094402576
1094402704
1094402824
1094402944
1094403312
1094403552
1094403800
1094403920
1094404408
1094405016
1094405144
1094485328
1094485576
1094486064
1094486184
1094486424
1094486552
1094486912
1094487648
1094488136
1094488376
1094488624
1094488864
1094489352
1094489600
1094489720
1094490208
1094490816
1094491184
1094491304
1094491424
1094491552
1094491792
1094491912
1094492160
1094492400
1094492528
1094492648
1094492768
1094492896
1094573080
1094573448
1094573688
1094573936
1094574424
1094574912
1094575032
1094575152
1094575640
1094575760
1094576128
1094576248
1094576376
1094576496
1094576616
1094577104
1094577224
1094577592
1094578080
1094578200
1094578328
1094578568
1094578816
1094579176
1094743696
1094743944
1094744064
1094744184
1094744312
1094744432
1094744672
1094745160
1094745288
1094745528
1094745648
1094746264
1094747112
1094747240
1094747480
1094747600
1094747728
1094747848
1094747968
1094748088
1094748216
1094748576
1094748824
1094748944
1094750040
1094750168
1094750408
1094750656
1094750896
1094751384

