1091124744
1091125112
1091125840
1091126088
1091126456
1091126816
1091126944
1091127304
1091127432
1091127552
1091128160
1091128280
1091128408
1091128648
1091128896
1091129016
1091129992
1091131088
1091131336
1091131456
1091131576
1091130480
1091130600
1091131216
1091132184
1091132312
1091132552
1091132672
1091132800
1091132920
1091133408
1091133528
1092847720
1092847848
1092847968
1092848336
1092848576
1092848696
1092849552
1092849800
1092849920
1092850288
1092850408
1092850648
1092850896
1092851016
1092851264
1092851384
1092851624
1092851752
1092851992
1092852112
1092852240
1092852360
1092852480
1092852600
1092852728
1092852968
1092853088
1092854064
1092854192
1092851504
1092853456
1092853576